%  columns="iteration, evaluation, sigma, axis ratio, bestever, best, median, worst fitness function value, further objective values of best" (startseed=210199, 2017/12/7 16:12:38.00)
1 30 2.992653e-01 1.002788e+00  1.274970414959911700e-01  1.274970414959911700e-01  1.693556134983328600e-01  2.546290505032468600e-01
2 60 2.985556e-01 1.003214e+00  1.274970414959911700e-01  1.296287599910736800e-01  1.713362509867587500e-01  2.665679729058549900e-01
3 90 2.978649e-01 1.003403e+00  1.274970414959911700e-01  1.284112043607554300e-01  1.613692606421630000e-01  5.047538156883779600e-01
4 120 2.971918e-01 1.004230e+00  1.227025730298994500e-01  1.227025730298994500e-01  1.570820428358300500e-01  2.245993491896167100e-01
5 150 2.965328e-01 1.004581e+00  1.227025730298994500e-01  1.323267300829937800e-01  1.616998674242815800e-01  3.336941548091977300e-01
6 180 2.958872e-01 1.005278e+00  1.224192583536483400e-01  1.224192583536483400e-01  1.598248472988604600e-01  3.381301266364905600e-01
7 210 2.952551e-01 1.005662e+00  1.224192583536483400e-01  1.250869167441436000e-01  1.509132263839323700e-01  2.053826508226451700e-01
8 240 2.946331e-01 1.005757e+00  1.197116127779751200e-01  1.197116127779751200e-01  1.538774478305689500e-01  1.815177046533827900e+02
9 270 2.940213e-01 1.005881e+00  1.197116127779751200e-01  1.320560703497136700e-01  1.718312076195418500e-01  3.561298450716488000e-01
10 300 2.934183e-01 1.006317e+00  1.197116127779751200e-01  1.247768495024549600e-01  1.567014492675746200e-01  2.639249904012813700e-01
11 330 2.928244e-01 1.007014e+00  1.191046540250554100e-01  1.191046540250554100e-01  1.543322297342133400e-01  2.867943986027404700e-01
12 360 2.922391e-01 1.007336e+00  1.191046540250554100e-01  1.288697750489006500e-01  1.701212033292217900e-01  7.942371993114743000e-01
13 390 2.916611e-01 1.007788e+00  1.147509622694326300e-01  1.147509622694326300e-01  1.571201451252667300e-01  2.375500965926308900e+02
14 420 2.910911e-01 1.007755e+00  1.147509622694326300e-01  1.268669095434117600e-01  1.633748545440491500e-01  9.047262923894666600e+01
15 450 2.905290e-01 1.007465e+00  1.147509622694326300e-01  1.299799451917759700e-01  1.656888347149611300e-01  2.082779825902790200e-01
16 480 2.899749e-01 1.007403e+00  1.147509622694326300e-01  1.266847257632081900e-01  1.614979161860464800e-01  2.630415381724567900e-01
17 510 2.894297e-01 1.008248e+00  1.147509622694326300e-01  1.152922094632184400e-01  1.518841011804644100e-01  1.821555150347365400e-01
18 540 2.888912e-01 1.008198e+00  1.147509622694326300e-01  1.329636845534910600e-01  1.652776146030934300e-01  2.940840579351237700e-01
19 570 2.883609e-01 1.008702e+00  1.147509622694326300e-01  1.319733660656871600e-01  1.559145044326040200e-01  2.558529365812046700e-01
20 600 2.878374e-01 1.008853e+00  1.147509622694326300e-01  1.407303649901116600e-01  1.588498160821333600e-01  3.258232482329200800e-01
21 630 2.873197e-01 1.009284e+00  1.147509622694326300e-01  1.379948796597250100e-01  1.649421179588699800e-01  2.619402439681095500e-01
22 660 2.868088e-01 1.009558e+00  1.147509622694326300e-01  1.350052171280322100e-01  1.612935688496125200e-01  3.985201255589436700e-01
23 690 2.863031e-01 1.009768e+00  1.147509622694326300e-01  1.288374608966227400e-01  1.627491622880908900e-01  2.179037865283297600e-01
24 720 2.858032e-01 1.009854e+00  1.147509622694326300e-01  1.344672563983086400e-01  1.636820817425583600e-01  7.234825517414654100e+00
25 750 2.853074e-01 1.010087e+00  1.147509622694326300e-01  1.337025421686748300e-01  1.553090794985316800e-01  2.052272081577522800e-01
26 780 2.848167e-01 1.010168e+00  1.147509622694326300e-01  1.286219483184749000e-01  1.563172863035217900e-01  2.334653440207893900e-01
27 810 2.843326e-01 1.010852e+00  1.147509622694326300e-01  1.261453949722997100e-01  1.694138505003711100e-01  2.283568996853155300e-01
28 840 2.838522e-01 1.011093e+00  1.147509622694326300e-01  1.455815553454529500e-01  1.637819638544331100e-01  9.067072233974617700e+01
29 870 2.833769e-01 1.011629e+00  1.147509622694326300e-01  1.351061583216506300e-01  1.657667112505134000e-01  4.306994896399878300e+01
30 900 2.829063e-01 1.011639e+00  1.147509622694326300e-01  1.376169330357199000e-01  1.652417358394910900e-01  2.148365166761416800e-01
31 930 2.824411e-01 1.013459e+00  1.147509622694326300e-01  1.179153190523126700e-01  1.604534402979249900e-01  2.182911138316789000e-01
32 960 2.819819e-01 1.013767e+00  1.147509622694326300e-01  1.399100841996726300e-01  1.626852894466337400e-01  3.191478916774385100e-01
33 990 2.815277e-01 1.014026e+00  1.147509622694326300e-01  1.246422664426082700e-01  1.609288250931590300e-01  2.089285880100806300e-01
34 1020 2.810782e-01 1.014353e+00  1.147509622694326300e-01  1.318973496558619200e-01  1.600299180384967800e-01  2.081986105165485300e-01
35 1050 2.806339e-01 1.014284e+00  1.147509622694326300e-01  1.295763295048115700e-01  1.627397204951459600e-01  2.203391458136063600e-01
36 1080 2.801953e-01 1.014542e+00  1.147509622694326300e-01  1.238429033769040400e-01  1.563963609949725100e-01  2.024767216246181600e-01
37 1110 2.797601e-01 1.014512e+00  1.147509622694326300e-01  1.295351708549486400e-01  1.620013329712834400e-01  2.146401116037022200e-01
38 1140 2.793288e-01 1.014422e+00  1.147509622694326300e-01  1.359853757780930300e-01  1.603605560306835300e-01  2.183682774424948700e-01
39 1170 2.789017e-01 1.014382e+00  1.147509622694326300e-01  1.263982586840981000e-01  1.618441833937796500e-01  2.375651044599274600e-01
40 1200 2.784782e-01 1.014537e+00  1.111019841704903300e-01  1.111019841704903300e-01  1.542360635379977900e-01  2.344225921469091400e-01
41 1230 2.780612e-01 1.014787e+00  1.111019841704903300e-01  1.315493647647860400e-01  1.545428674578680500e-01  3.000595915359176600e+02
42 1260 2.776472e-01 1.015085e+00  1.111019841704903300e-01  1.232904782525163800e-01  1.486574232276617900e-01  1.955531260574090400e-01
43 1290 2.772367e-01 1.015080e+00  1.111019841704903300e-01  1.223911072601800600e-01  1.513819784826730400e-01  2.167144564648972300e-01
44 1320 2.768289e-01 1.014935e+00  1.111019841704903300e-01  1.240337583909008100e-01  1.478655981260801600e-01  1.947966998181634400e-01
45 1350 2.764241e-01 1.014616e+00  1.111019841704903300e-01  1.117413701514734900e-01  1.537537826737894200e-01  2.498933498585128000e-01
46 1380 2.760240e-01 1.014648e+00  1.087205932392379500e-01  1.087205932392379500e-01  1.512218003175543900e-01  1.992689646141827500e-01
47 1410 2.756266e-01 1.014618e+00  1.087205932392379500e-01  1.227069767599865400e-01  1.478819069489180900e-01  3.856216864035634900e+00
48 1440 2.752324e-01 1.014064e+00  1.087205932392379500e-01  1.181135347824766900e-01  1.506113743435770800e-01  2.062465739162414600e-01
49 1470 2.748409e-01 1.014459e+00  1.087205932392379500e-01  1.299731596756973400e-01  1.497241114265489000e-01  2.954032724916688100e-01
50 1500 2.744526e-01 1.014330e+00  1.087205932392379500e-01  1.204038362135919100e-01  1.533445229317487700e-01  5.774273593337455800e+02
51 1530 2.740672e-01 1.014315e+00  1.087205932392379500e-01  1.159205552322582500e-01  1.550253367165214100e-01  3.744118630147055800e-01
52 1560 2.736843e-01 1.014650e+00  1.087205932392379500e-01  1.246905438959801800e-01  1.471300488422515600e-01  4.473698040015414700e-01
53 1590 2.733054e-01 1.014397e+00  1.087205932392379500e-01  1.289937923771474200e-01  1.568905755547714300e-01  5.163379073467779800e-01
54 1620 2.729304e-01 1.014734e+00  1.087205932392379500e-01  1.263092304433262000e-01  1.553740883537733400e-01  3.291571705104327000e-01
55 1650 2.725585e-01 1.014760e+00  1.087205932392379500e-01  1.228336564513104500e-01  1.491976015814613400e-01  2.319384090563684800e-01
56 1680 2.721900e-01 1.015174e+00  1.087205932392379500e-01  1.176703536433382200e-01  1.530096926344063600e-01  2.329861378399299400e-01
57 1710 2.718244e-01 1.015328e+00  1.087205932392379500e-01  1.194527503903204300e-01  1.552846901825935800e-01  2.288847811913382600e-01
58 1740 2.714604e-01 1.015164e+00  1.087205932392379500e-01  1.202431374355778900e-01  1.503618954124052400e-01  1.701300667015494500e-01
59 1770 2.710990e-01 1.016314e+00  1.087205932392379500e-01  1.157862361698274200e-01  1.585400263915517400e-01  2.091360853709147700e-01
60 1800 2.707399e-01 1.016687e+00  1.087205932392379500e-01  1.165509283705475100e-01  1.501074584678711600e-01  3.748832996877662900e-01
61 1830 2.703839e-01 1.016643e+00  1.087205932392379500e-01  1.176015796647572500e-01  1.502153666520405500e-01  1.882508129315272300e-01
62 1860 2.700306e-01 1.016395e+00  1.087205932392379500e-01  1.196466768457518900e-01  1.524782467863734800e-01  2.961657033343020100e+02
63 1890 2.696802e-01 1.016617e+00  1.087205932392379500e-01  1.213255111628486500e-01  1.482421892312416900e-01  1.904832046492277700e-01
64 1920 2.693333e-01 1.016939e+00  1.087205932392379500e-01  1.280577194697845600e-01  1.515826597489567400e-01  1.878979819466218000e-01
65 1950 2.689888e-01 1.017014e+00  1.087205932392379500e-01  1.273399971651586200e-01  1.463206660956684900e-01  2.139767854534474500e-01
66 1980 2.686477e-01 1.017747e+00  1.087205932392379500e-01  1.228180110381164300e-01  1.566569637404527100e-01  2.673123228633057500e-01
67 2010 2.683086e-01 1.017966e+00  1.087205932392379500e-01  1.296666913242945600e-01  1.499713036938888900e-01  2.018165791346010800e-01
68 2040 2.679710e-01 1.018068e+00  1.087205932392379500e-01  1.299308682953883300e-01  1.537355658225746100e-01  1.908699962892961800e-01
69 2070 2.676353e-01 1.017878e+00  1.087205932392379500e-01  1.208929769316714500e-01  1.475862565808831500e-01  2.360313344148168000e-01
70 2100 2.673018e-01 1.019020e+00  1.087205932392379500e-01  1.259940660410765200e-01  1.493940014178638300e-01  2.625794894496374900e-01
71 2130 2.669698e-01 1.019394e+00  1.087205932392379500e-01  1.180647092480337800e-01  1.568093786014332900e-01  2.006010816998033400e-01
72 2160 2.666393e-01 1.019570e+00  1.087205932392379500e-01  1.241529661150438500e-01  1.487341279868466000e-01  2.145777611105662000e-01
73 2190 2.663099e-01 1.019278e+00  1.087205932392379500e-01  1.356853349187640000e-01  1.518444980191230900e-01  2.058656720557946200e-01
74 2220 2.659822e-01 1.019028e+00  1.087205932392379500e-01  1.238061655429763500e-01  1.624950771209627800e-01  1.817526077065629300e-01
75 2250 2.656560e-01 1.018802e+00  1.087205932392379500e-01  1.188270295354927900e-01  1.559134518880726500e-01  3.359314733016727800e-01
76 2280 2.653327e-01 1.018594e+00  1.087205932392379500e-01  1.244701173694089100e-01  1.468119067073786200e-01  1.956659486478908000e-01
77 2310 2.650112e-01 1.018969e+00  1.087205932392379500e-01  1.234442317662124700e-01  1.461402184241402700e-01  1.910702143988116900e-01
78 2340 2.646908e-01 1.019181e+00  1.087205932392379500e-01  1.299671350003947800e-01  1.445717040897131200e-01  2.072186444249434800e-01
79 2370 2.643733e-01 1.019026e+00  1.087205932392379500e-01  1.199343516473305700e-01  1.515791877577751800e-01  2.595374307400042400e-01
80 2400 2.640568e-01 1.018618e+00  1.087205932392379500e-01  1.263022620193218800e-01  1.453246072834452300e-01  1.830339464728687500e-01
81 2430 2.637418e-01 1.019100e+00  1.087205932392379500e-01  1.233079442223356500e-01  1.575434002669135500e-01  2.325421939913520100e-01
82 2460 2.634291e-01 1.019333e+00  1.087205932392379500e-01  1.278056460241154300e-01  1.479496559843379000e-01  3.561451515752637200e-01
83 2490 2.631174e-01 1.019129e+00  1.087205932392379500e-01  1.223711819080435200e-01  1.459063375236258600e-01  2.224266439325819600e-01
84 2520 2.628076e-01 1.019313e+00  1.087205932392379500e-01  1.120543141413187100e-01  1.438653785337490100e-01  1.975326898429603000e-01
85 2550 2.624995e-01 1.019002e+00  1.087205932392379500e-01  1.153303038938655900e-01  1.496666190453565000e-01  1.859453605220146600e-01
86 2580 2.621925e-01 1.019236e+00  1.087205932392379500e-01  1.145322002560134100e-01  1.516261678622567400e-01  3.266292850591896400e-01
87 2610 2.618866e-01 1.019637e+00  1.087205932392379500e-01  1.198588942367712100e-01  1.466205350943791700e-01  1.737361730497041200e-01
88 2640 2.615831e-01 1.019833e+00  1.087205932392379500e-01  1.180582033725704600e-01  1.437922701937263700e-01  1.817124801780496700e-01
89 2670 2.612810e-01 1.020693e+00  1.087205932392379500e-01  1.221140577170382900e-01  1.483739869068289900e-01  2.788121301545492000e-01
90 2700 2.609803e-01 1.021058e+00  1.087205932392379500e-01  1.303219485148509600e-01  1.462511011088084000e-01  2.787817872260621200e-01
91 2730 2.606815e-01 1.021494e+00  1.087205932392379500e-01  1.118040570329759100e-01  1.491832775200111200e-01  2.845282403279437700e-01
92 2760 2.603842e-01 1.021582e+00  1.087205932392379500e-01  1.139042926909980800e-01  1.506487919544343700e-01  2.068555136260124000e+02
93 2790 2.600879e-01 1.021654e+00  1.087205932392379500e-01  1.192254976621172200e-01  1.461042159094823900e-01  1.814478354637131300e-01
94 2820 2.597952e-01 1.021208e+00  1.087205932392379500e-01  1.109303614341619100e-01  1.473596530063539500e-01  2.158808711142012300e-01
95 2850 2.595049e-01 1.021359e+00  1.087205932392379500e-01  1.191969362763723000e-01  1.431552457369014700e-01  2.473033655398469400e-01
96 2880 2.592168e-01 1.021687e+00  1.087205932392379500e-01  1.166911088603930200e-01  1.426714938445501300e-01  2.144638454798722400e-01
97 2910 2.589302e-01 1.021686e+00  1.087205932392379500e-01  1.139280837254501000e-01  1.434900584982102300e-01  1.874200491116377300e-01
98 2940 2.586463e-01 1.021810e+00  1.087205932392379500e-01  1.122629407021599100e-01  1.494023542935817600e-01  2.215763865540975000e-01
99 2970 2.583634e-01 1.021987e+00  1.087205932392379500e-01  1.104743229985285000e-01  1.452257870654738400e-01  2.339261720535893400e-01
800 24000 1.627259e-01 1.173634e+00  7.425972098891332800e-02  8.327001963500818600e-02  9.406035917968304200e-02  1.269225376721131200e-01
