%  columns="iteration, evaluation, sigma, axis ratio, bestever, best, median, worst fitness function value, further objective values of best" (startseed=206154, 2017/12/4 12:1:15.54)
1 75 2.985040e-01 1.004161e+00  1.360111010667621200e-01  1.360111010667621200e-01  1.739973306397147900e-01  2.485290093771903000e-01
2 150 2.970858e-01 1.005029e+00  1.360111010667621200e-01  1.436710633566124800e-01  1.745039956342388200e-01  3.920530155727566200e-01
3 225 2.957293e-01 1.005840e+00  1.333342695589715100e-01  1.333342695589715100e-01  1.689773427575947700e-01  3.494088475783628200e-01
4 300 2.944193e-01 1.006817e+00  1.333342695589715100e-01  1.386155769200150300e-01  1.734515201155963400e-01  3.936440299516589800e-01
5 375 2.931521e-01 1.007387e+00  1.333342695589715100e-01  1.427911668670409400e-01  1.724386737747702100e-01  2.539729653775619800e-01
6 450 2.919265e-01 1.007885e+00  1.333342695589715100e-01  1.417219053129328300e-01  1.740928228948427400e-01  3.031800798278204100e-01
7 525 2.907360e-01 1.008546e+00  1.333342695589715100e-01  1.363669508979883400e-01  1.740578115670022600e-01  3.031063061635307400e-01
8 600 2.895805e-01 1.010021e+00  1.333342695589715100e-01  1.448168350829894000e-01  1.715569892127576100e-01  2.617125667817444300e-01
9 675 2.884569e-01 1.010515e+00  1.301542693366141400e-01  1.301542693366141400e-01  1.686684357709524500e-01  2.710987637028168300e-01
10 750 2.873669e-01 1.011629e+00  1.301542693366141400e-01  1.400035679381382800e-01  1.701696079413304600e-01  4.544564273298208300e-01
11 825 2.863023e-01 1.011510e+00  1.301542693366141400e-01  1.390304970917164200e-01  1.720797580328884100e-01  3.442707678754499100e-01
12 900 2.852629e-01 1.011651e+00  1.301542693366141400e-01  1.402956203990345900e-01  1.681559311334821500e-01  4.044163808103955500e-01
13 975 2.842469e-01 1.011702e+00  1.301542693366141400e-01  1.378926304569109700e-01  1.705716555302193300e-01  6.278191130628709700e-01
14 1050 2.832569e-01 1.013166e+00  1.301542693366141400e-01  1.366742735437453900e-01  1.713141409371740600e-01  3.098193966908616100e-01
15 1125 2.822926e-01 1.013536e+00  1.301542693366141400e-01  1.367313696331294000e-01  1.672871393607703900e-01  3.038558685141526400e-01
16 1200 2.813553e-01 1.014349e+00  1.301542693366141400e-01  1.383091304523404200e-01  1.664106941283261300e-01  3.541488103813630300e-01
17 1275 2.804363e-01 1.014268e+00  1.301542693366141400e-01  1.360476882175500100e-01  1.698466786111302000e-01  3.486426651102107500e-01
18 1350 2.795362e-01 1.015076e+00  1.301542693366141400e-01  1.412997261879010700e-01  1.728605647227495200e-01  4.718217198683752300e-01
19 1425 2.786583e-01 1.014958e+00  1.301542693366141400e-01  1.362561627526228100e-01  1.670548029620956300e-01  3.441130029900774700e-01
20 1500 2.777987e-01 1.016387e+00  1.301542693366141400e-01  1.362038897934554900e-01  1.644424497736683400e-01  3.046185175100697400e-01
21 1575 2.769553e-01 1.016926e+00  1.301542693366141400e-01  1.364504292518802000e-01  1.706567014310946500e-01  3.430619130920594700e-01
22 1650 2.761247e-01 1.018342e+00  1.223184059158338900e-01  1.223184059158338900e-01  1.631664112583297000e-01  2.514233538261374000e-01
23 1725 2.753096e-01 1.019180e+00  1.223184059158338900e-01  1.317756243475208800e-01  1.687654508456567500e-01  2.588180597705446200e-01
24 1800 2.745090e-01 1.019141e+00  1.223184059158338900e-01  1.370359860720382100e-01  1.681948013401937700e-01  2.829302681677302000e-01
25 1875 2.737227e-01 1.017825e+00  1.223184059158338900e-01  1.361268334709671000e-01  1.624700873542771800e-01  2.760239570917229500e-01
26 1950 2.729531e-01 1.018575e+00  1.223184059158338900e-01  1.358208628028061700e-01  1.612936219016937700e-01  3.134190190069665000e-01
27 2025 2.721957e-01 1.019099e+00  1.223184059158338900e-01  1.322088555539276100e-01  1.664143758842088500e-01  3.704760307424517200e-01
28 2100 2.714530e-01 1.018669e+00  1.223184059158338900e-01  1.335813520047091600e-01  1.594146178874599800e-01  2.524791140744862500e-01
29 2175 2.707251e-01 1.019203e+00  1.223184059158338900e-01  1.375990830782345100e-01  1.634867480726157300e-01  3.419092947257569800e-01
30 2250 2.700105e-01 1.019600e+00  1.223184059158338900e-01  1.344161808162400200e-01  1.662755054769191900e-01  3.240201269760317200e-01
31 2325 2.693112e-01 1.020201e+00  1.223184059158338900e-01  1.266574538216206400e-01  1.648408227434780300e-01  3.560393937870134900e-01
32 2400 2.686244e-01 1.020246e+00  1.223184059158338900e-01  1.361084553196158500e-01  1.657777995404670900e-01  2.549941424502310500e-01
33 2475 2.679478e-01 1.020277e+00  1.223184059158338900e-01  1.309874472721350200e-01  1.588576926867436600e-01  3.264238513872287900e-01
34 2550 2.672836e-01 1.020527e+00  1.223184059158338900e-01  1.405211982437869800e-01  1.650650791362994800e-01  2.732087195795870300e-01
35 2625 2.666285e-01 1.020331e+00  1.223184059158338900e-01  1.297033138816958400e-01  1.671513364714130000e-01  3.368651459840773500e-01
36 2700 2.659837e-01 1.020045e+00  1.223184059158338900e-01  1.363391521918205500e-01  1.636462278331249100e-01  2.686672527645077600e-01
37 2775 2.653526e-01 1.019907e+00  1.223184059158338900e-01  1.275732144592919300e-01  1.652018476027389500e-01  3.285651522273704800e-01
38 2850 2.647333e-01 1.019570e+00  1.223184059158338900e-01  1.258852677034772400e-01  1.620658844752830600e-01  3.526051385421598600e-01
39 2925 2.641269e-01 1.019557e+00  1.223184059158338900e-01  1.332001671442859800e-01  1.621427809333890200e-01  2.573566249399240600e-01
40 3000 2.635302e-01 1.019895e+00  1.223184059158338900e-01  1.319243540290258600e-01  1.645132603011636200e-01  2.355004616827255100e-01
41 3075 2.629400e-01 1.020975e+00  1.223184059158338900e-01  1.348433945540755700e-01  1.663957822970136800e-01  5.433530570547553400e-01
42 3150 2.623572e-01 1.021765e+00  1.223184059158338900e-01  1.344818137589482200e-01  1.684544168376346200e-01  3.418945354931582900e-01
43 3225 2.617859e-01 1.021784e+00  1.223184059158338900e-01  1.329567226729395100e-01  1.639958518675205000e-01  2.591547740221600300e-01
44 3300 2.612254e-01 1.021989e+00  1.223184059158338900e-01  1.318535670221869500e-01  1.585678600840186900e-01  2.816486241901696700e-01
45 3375 2.606763e-01 1.021908e+00  1.223184059158338900e-01  1.315020233625558700e-01  1.614544150714419800e-01  3.091563291886672000e-01
46 3450 2.601357e-01 1.023834e+00  1.223184059158338900e-01  1.295840584818297200e-01  1.647219452409250900e-01  3.160771494230086900e-01
47 3525 2.596062e-01 1.023496e+00  1.223184059158338900e-01  1.338400055863853400e-01  1.595941840003462800e-01  3.129782287500399400e-01
48 3600 2.590858e-01 1.023695e+00  1.223184059158338900e-01  1.296905777720061300e-01  1.614513729340518700e-01  2.537253548601657900e-01
49 3675 2.585736e-01 1.023410e+00  1.223184059158338900e-01  1.329177644066861200e-01  1.583948182492109200e-01  3.201306793952583000e-01
50 3750 2.580688e-01 1.023856e+00  1.223184059158338900e-01  1.260807504021525200e-01  1.574759507580482100e-01  2.742984192502625500e-01
51 3825 2.575660e-01 1.023295e+00  1.223184059158338900e-01  1.301146854809388000e-01  1.612998783108957900e-01  2.514894896678088700e-01
52 3900 2.570672e-01 1.024209e+00  1.223184059158338900e-01  1.342219032137087200e-01  1.555666058415658400e-01  2.770653758172526000e-01
53 3975 2.565709e-01 1.024744e+00  1.223184059158338900e-01  1.310653290279802700e-01  1.580547944263165400e-01  2.790816007301417100e-01
54 4050 2.560790e-01 1.024632e+00  1.223184059158338900e-01  1.341738914530596600e-01  1.580390962330177900e-01  3.049455059611113100e-01
55 4125 2.555955e-01 1.025227e+00  1.223184059158338900e-01  1.322038777349578700e-01  1.579978482994650900e-01  2.632602861445572100e-01
56 4200 2.551169e-01 1.024598e+00  1.223184059158338900e-01  1.248762280166402900e-01  1.625478144164106700e-01  3.281247056077814500e-01
57 4275 2.546444e-01 1.024893e+00  1.223184059158338900e-01  1.303233722961721900e-01  1.579865200971299300e-01  2.345299884288491500e-01
58 4350 2.541818e-01 1.025219e+00  1.223184059158338900e-01  1.288747028756478700e-01  1.589424214964545200e-01  2.489078574097566300e-01
59 4425 2.537243e-01 1.025543e+00  1.223184059158338900e-01  1.324489265550320400e-01  1.586264028902152900e-01  2.622911737533539800e-01
60 4500 2.532722e-01 1.025700e+00  1.223184059158338900e-01  1.267876758081528100e-01  1.564599967785945400e-01  2.350858827361661000e-01
61 4575 2.528223e-01 1.026349e+00  1.223184059158338900e-01  1.360066600037861400e-01  1.530298877161209700e-01  2.583658770534076300e-01
62 4650 2.523803e-01 1.026255e+00  1.223184059158338900e-01  1.230472096548732700e-01  1.568146699869442900e-01  3.035440610391952300e-01
63 4725 2.519438e-01 1.025894e+00  1.223184059158338900e-01  1.286212089613682200e-01  1.553659594660600800e-01  2.507929956247351700e-01
64 4800 2.515115e-01 1.026584e+00  1.223184059158338900e-01  1.270220896367643400e-01  1.530410906567712400e-01  2.714291262033301000e-01
65 4875 2.510831e-01 1.026477e+00  1.223184059158338900e-01  1.266618169334023900e-01  1.546391830843782400e-01  3.170422878636883800e-01
66 4950 2.506612e-01 1.027260e+00  1.223184059158338900e-01  1.292585065523879100e-01  1.586586118780366500e-01  3.257630763788061900e-01
67 5025 2.502448e-01 1.027583e+00  1.223184059158338900e-01  1.294005253041092800e-01  1.626264267279339300e-01  3.711354054615697600e-01
68 5100 2.498325e-01 1.027503e+00  1.223184059158338900e-01  1.317994277309686200e-01  1.569293964740965400e-01  2.601951216386961800e-01
69 5175 2.494270e-01 1.026840e+00  1.223184059158338900e-01  1.285578049775142600e-01  1.562850308101654300e-01  2.707420901951797000e-01
70 5250 2.490266e-01 1.027663e+00  1.223184059158338900e-01  1.271642033857060000e-01  1.522732994488585600e-01  3.255386489568272700e-01
71 5325 2.486311e-01 1.027346e+00  1.223184059158338900e-01  1.239584816899319300e-01  1.556438585874469200e-01  2.780884889362388300e-01
72 5400 2.482399e-01 1.027423e+00  1.223184059158338900e-01  1.298313053423571500e-01  1.527290659479053300e-01  2.285147698573501700e-01
73 5475 2.478541e-01 1.027953e+00  1.223184059158338900e-01  1.299458821935952600e-01  1.534146123833782500e-01  2.531105922558974400e-01
74 5550 2.474706e-01 1.027985e+00  1.223184059158338900e-01  1.264347576849618700e-01  1.529621674885713000e-01  2.961818019556052800e-01
75 5625 2.470926e-01 1.028731e+00  1.223184059158338900e-01  1.272608648660013800e-01  1.538947336934411200e-01  2.868833510514662300e-01
76 5700 2.467147e-01 1.028440e+00  1.150736860052357100e-01  1.150736860052357100e-01  1.491130104676677000e-01  2.718958809371679900e-01
77 5775 2.463386e-01 1.028173e+00  1.150736860052357100e-01  1.246322118049332700e-01  1.497293747935006200e-01  3.203279460543150800e-01
78 5850 2.459649e-01 1.028978e+00  1.150736860052357100e-01  1.276025241653774300e-01  1.527765490694930900e-01  2.310215108217607800e-01
79 5925 2.455943e-01 1.029382e+00  1.150736860052357100e-01  1.222292085539265400e-01  1.539859927879712900e-01  2.709679734351975700e-01
80 6000 2.452256e-01 1.029245e+00  1.150736860052357100e-01  1.193809274253781100e-01  1.536057996585327400e-01  2.853132630111853700e-01
81 6075 2.448616e-01 1.029188e+00  1.150736860052357100e-01  1.210946407562151400e-01  1.478478563439283600e-01  2.249539594942656100e-01
82 6150 2.445010e-01 1.029465e+00  1.150736860052357100e-01  1.272113942414461500e-01  1.522939487779332600e-01  2.735981908957834700e-01
83 6225 2.441444e-01 1.029331e+00  1.150736860052357100e-01  1.252835004263738700e-01  1.522261602334091800e-01  2.296907869812457900e-01
84 6300 2.437915e-01 1.030247e+00  1.150736860052357100e-01  1.259013426304295700e-01  1.526832726014746800e-01  2.576557180308549100e-01
85 6375 2.434428e-01 1.031178e+00  1.150736860052357100e-01  1.220859600630063400e-01  1.541822523606598000e-01  2.363870729054685900e-01
86 6450 2.430939e-01 1.030075e+00  1.150736860052357100e-01  1.297560052821262500e-01  1.501979990139402600e-01  2.484688647843716600e-01
87 6525 2.427457e-01 1.031330e+00  1.150736860052357100e-01  1.275564501950859900e-01  1.511707894513686400e-01  3.992533886355995600e-01
88 6600 2.424021e-01 1.031018e+00  1.150736860052357100e-01  1.246997714795843200e-01  1.486856113643427200e-01  2.346260921792252800e-01
89 6675 2.420673e-01 1.031350e+00  1.150736860052357100e-01  1.293784601550023200e-01  1.516059631788009300e-01  2.556943773880819800e-01
90 6750 2.417346e-01 1.032240e+00  1.150736860052357100e-01  1.207101302629325200e-01  1.568639003865224800e-01  2.832152075903380800e-01
91 6825 2.414070e-01 1.032325e+00  1.150736860052357100e-01  1.248443937508298300e-01  1.511261101132407600e-01  2.589606862153234800e-01
92 6900 2.410824e-01 1.032134e+00  1.150736860052357100e-01  1.190193244079722600e-01  1.476434353923579100e-01  2.292156612791164400e-01
93 6975 2.407598e-01 1.032931e+00  1.150736860052357100e-01  1.239862682201536800e-01  1.528377081854615800e-01  2.306006964701679000e-01
94 7050 2.404400e-01 1.033052e+00  1.150736860052357100e-01  1.269783327371672200e-01  1.515490531787396000e-01  2.445628046413981500e-01
95 7125 2.401263e-01 1.032772e+00  1.150736860052357100e-01  1.290783678364116900e-01  1.487238924052295400e-01  2.814014733537254000e-01
96 7200 2.398175e-01 1.032524e+00  1.150736860052357100e-01  1.263295195444165400e-01  1.479273179192129300e-01  2.638855245659907400e-01
97 7275 2.395096e-01 1.033035e+00  1.150736860052357100e-01  1.250272835478367100e-01  1.506633459284527400e-01  3.089124726716677100e-01
98 7350 2.392059e-01 1.033872e+00  1.150736860052357100e-01  1.257908179430386500e-01  1.483061897263713600e-01  2.449038339595479000e-01
99 7425 2.389075e-01 1.033058e+00  1.150736860052357100e-01  1.235663979000874600e-01  1.493073279708158900e-01  2.448518032563733700e-01
600 45000 1.598655e-01 1.142763e+00  9.154661074929834600e-02  9.896357750549410200e-02  1.093674746910406600e-01  1.406182452237159700e-01
