%  columns="iteration, evaluation, sigma, axis ratio, bestever, best, median, worst fitness function value, further objective values of best" (startseed=211785, 2017/09/15 12:41:23.86)
1 50 5.997380e-01 1.000416e+00  1.515774751325746000e+00  1.515774751325746000e+00  1.900829181781082100e+00  3.073984382270917400e+00
2 100 5.994797e-01 1.000583e+00  1.451301560561337300e+00  1.451301560561337300e+00  1.820641288321271500e+00  2.716177695627172400e+00
3 150 5.992239e-01 1.000720e+00  1.443855633748960800e+00  1.443855633748960800e+00  1.782852759252774100e+00  2.796316504417393700e+00
4 200 5.989704e-01 1.000761e+00  1.443855633748960800e+00  1.529960704085117500e+00  1.786195467086018500e+00  2.334163927618874800e+00
5 250 5.987190e-01 1.000820e+00  1.431748446464780900e+00  1.431748446464780900e+00  1.759726767614624900e+00  2.567599876150352700e+00
6 300 5.984693e-01 1.000938e+00  1.431748446464780900e+00  1.494224809822298300e+00  1.752763565596991800e+00  2.323095253037631600e+00
7 350 5.982212e-01 1.000976e+00  1.431748446464780900e+00  1.440520575306734700e+00  1.807615787939437000e+00  2.199354768123880100e+00
8 400 5.979747e-01 1.001086e+00  1.350606281046820700e+00  1.350606281046820700e+00  1.691408663064949400e+00  3.204196753664864800e+00
9 450 5.977297e-01 1.001114e+00  1.350606281046820700e+00  1.429630762249610100e+00  1.710293306033771300e+00  2.140596056952313000e+00
10 500 5.974862e-01 1.001211e+00  1.350606281046820700e+00  1.416241653908274500e+00  1.700157778856864700e+00  2.164740731152693600e+00
11 550 5.972440e-01 1.001194e+00  1.350606281046820700e+00  1.420123886643098500e+00  1.696602070934358300e+00  2.257479346588815400e+00
12 600 5.970031e-01 1.001265e+00  1.350606281046820700e+00  1.357937269521030300e+00  1.660292334450892900e+00  1.929489892574004300e+00
13 650 5.967634e-01 1.001270e+00  1.350606281046820700e+00  1.385500946722729500e+00  1.655301461331042600e+00  2.296151622976174300e+00
14 700 5.965249e-01 1.001274e+00  1.350606281046820700e+00  1.369903558515613200e+00  1.657685990848129600e+00  2.566761938793268100e+00
15 750 5.962874e-01 1.001321e+00  1.350606281046820700e+00  1.431719308471569400e+00  1.596408451534867500e+00  2.316961080463370200e+00
16 800 5.960511e-01 1.001418e+00  1.320480419417439300e+00  1.320480419417439300e+00  1.625955558997136000e+00  2.297921950365698700e+00
17 850 5.958159e-01 1.001424e+00  1.251075915172373400e+00  1.251075915172373400e+00  1.585159802999196900e+00  2.264029759262536700e+00
18 900 5.955818e-01 1.001438e+00  1.251075915172373400e+00  1.304262872479313700e+00  1.653236451344273900e+00  1.992244501282586700e+00
19 950 5.953487e-01 1.001502e+00  1.251075915172373400e+00  1.324383913644632300e+00  1.606941549736780300e+00  2.134276988252991700e+00
20 1000 5.951167e-01 1.001462e+00  1.251075915172373400e+00  1.343186255223445700e+00  1.568128409695137600e+00  2.630259066036808100e+00
21 1050 5.948856e-01 1.001584e+00  1.251075915172373400e+00  1.338613095919471500e+00  1.525738920548425500e+00  1.966996437406564700e+00
22 1100 5.946554e-01 1.001662e+00  1.251075915172373400e+00  1.256482822781213300e+00  1.529837877730739800e+00  2.003682095240023400e+00
23 1150 5.944262e-01 1.001747e+00  1.251075915172373400e+00  1.309183377351083300e+00  1.524062339641342600e+00  1.968564878184689200e+00
24 1200 5.941978e-01 1.001763e+00  1.251075915172373400e+00  1.299546592812247200e+00  1.537732808517780400e+00  2.182837906972100200e+00
25 1250 5.939704e-01 1.001774e+00  1.251075915172373400e+00  1.306439496745011000e+00  1.520449883465220300e+00  1.820329465674779300e+00
26 1300 5.937438e-01 1.001888e+00  1.251075915172373400e+00  1.289080893945012500e+00  1.543963271942860200e+00  2.304448915797424400e+00
27 1350 5.935180e-01 1.001869e+00  1.251075915172373400e+00  1.278259507563486600e+00  1.463606694670483800e+00  2.095655580392835800e+00
28 1400 5.932932e-01 1.001973e+00  1.251075915172373400e+00  1.337540714948178400e+00  1.497015717952925300e+00  1.991870802645784100e+00
29 1450 5.930692e-01 1.001927e+00  1.251075915172373400e+00  1.256978943326693600e+00  1.501981459841740300e+00  2.127469148309811200e+00
30 1500 5.928459e-01 1.001951e+00  1.251075915172373400e+00  1.292959109664957500e+00  1.510817899341922100e+00  1.926383926471642700e+00
31 1550 5.926235e-01 1.001979e+00  1.251075915172373400e+00  1.266903665845824600e+00  1.481831758134989600e+00  1.953752625874833900e+00
32 1600 5.924019e-01 1.001868e+00  1.251075915172373400e+00  1.279975017872578200e+00  1.476685107081550100e+00  1.994085057870484500e+00
33 1650 5.921811e-01 1.001874e+00  1.215656278970528300e+00  1.215656278970528300e+00  1.463276118058355100e+00  2.143567379586321000e+00
34 1700 5.919610e-01 1.002149e+00  1.215656278970528300e+00  1.298918245791182500e+00  1.498447879448451500e+00  2.139743924607945000e+00
35 1750 5.917416e-01 1.002158e+00  1.215656278970528300e+00  1.286889681502639200e+00  1.461420628044396400e+00  2.595049702720237100e+00
36 1800 5.915230e-01 1.002233e+00  1.215656278970528300e+00  1.278098153871131300e+00  1.509718732524174100e+00  1.937620511031034900e+00
37 1850 5.913050e-01 1.002132e+00  1.215656278970528300e+00  1.255414263083864300e+00  1.438958257223019300e+00  1.894853920487398200e+00
38 1900 5.910876e-01 1.002212e+00  1.215656278970528300e+00  1.257724481186950100e+00  1.454910162305951300e+00  1.979256316867882900e+00
39 1950 5.908709e-01 1.002410e+00  1.215656278970528300e+00  1.258557096798855100e+00  1.403186960199707100e+00  1.671686775235798500e+00
40 2000 5.906549e-01 1.002382e+00  1.190929848463233100e+00  1.190929848463233100e+00  1.405196638352770500e+00  1.845613777190434800e+00
41 2050 5.904396e-01 1.002457e+00  1.190929848463233100e+00  1.250619440973278300e+00  1.425327179267786200e+00  1.829928157801004500e+00
42 2100 5.902249e-01 1.002468e+00  1.190929848463233100e+00  1.271159682299319600e+00  1.394208791331528900e+00  1.947087049252949300e+00
43 2150 5.900109e-01 1.002489e+00  1.190929848463233100e+00  1.229839985433948300e+00  1.402103042110195200e+00  1.797101259907216000e+00
44 2200 5.897974e-01 1.002515e+00  1.190929848463233100e+00  1.245166993252054600e+00  1.401967525390843200e+00  1.773738841720616800e+00
45 2250 5.895847e-01 1.002539e+00  1.190929848463233100e+00  1.227853400945096500e+00  1.387013659054887600e+00  1.664186930227122600e+00
46 2300 5.893726e-01 1.002507e+00  1.190929848463233100e+00  1.220097083209113100e+00  1.381821017861187200e+00  1.676654619613896500e+00
47 2350 5.891612e-01 1.002639e+00  1.190929848463233100e+00  1.225786432731194000e+00  1.406058177033984200e+00  1.750368760018722300e+00
48 2400 5.889503e-01 1.002700e+00  1.164431371296892800e+00  1.164431371296892800e+00  1.354240167943076700e+00  1.570220420421619500e+00
49 2450 5.887400e-01 1.002767e+00  1.164431371296892800e+00  1.179094722008816200e+00  1.364896753961830200e+00  1.638688698103853100e+00
50 2500 5.885304e-01 1.002875e+00  1.164431371296892800e+00  1.187427902343797200e+00  1.363000384678601900e+00  1.893682559010510900e+00
51 2550 5.883214e-01 1.002941e+00  1.164431371296892800e+00  1.170201836490472300e+00  1.343071214430232800e+00  1.671735558332943800e+00
52 2600 5.881130e-01 1.002936e+00  1.164431371296892800e+00  1.178907384104860300e+00  1.347037507389778500e+00  1.952431939139863700e+00
53 2650 5.879051e-01 1.002933e+00  1.164431371296892800e+00  1.169797089778191700e+00  1.356118800327722700e+00  1.734403523202995500e+00
54 2700 5.876978e-01 1.002972e+00  1.164431371296892800e+00  1.179079941611064700e+00  1.352984220526995300e+00  1.751405523360015200e+00
55 2750 5.874911e-01 1.002991e+00  1.164431371296892800e+00  1.205893153877788200e+00  1.303682461934135000e+00  1.891802306966804400e+00
56 2800 5.872849e-01 1.002949e+00  1.164431371296892800e+00  1.182449394653150700e+00  1.358482168701790700e+00  2.178949899543360500e+00
57 2850 5.870793e-01 1.002936e+00  1.131000125660295700e+00  1.131000125660295700e+00  1.326150171433598800e+00  1.629849928911729400e+00
58 2900 5.868743e-01 1.002888e+00  1.131000125660295700e+00  1.131494896754651400e+00  1.314475877435679500e+00  1.655598791989091500e+00
59 2950 5.866698e-01 1.002927e+00  1.121209072326511600e+00  1.121209072326511600e+00  1.312228702862827700e+00  1.694017726457399900e+00
60 3000 5.864659e-01 1.002868e+00  1.113514698813393500e+00  1.113514698813393500e+00  1.310971137835366100e+00  1.571978546043945500e+00
61 3050 5.862626e-01 1.002895e+00  1.113514698813393500e+00  1.139536532754778000e+00  1.291663118427243400e+00  1.560956920214648000e+00
62 3100 5.860598e-01 1.002978e+00  1.113514698813393500e+00  1.150554557680461900e+00  1.304572693220301400e+00  1.768475489338588100e+00
63 3150 5.858576e-01 1.003039e+00  1.113514698813393500e+00  1.138260445548567900e+00  1.297503132591500700e+00  1.596543492685941900e+00
64 3200 5.856559e-01 1.003012e+00  1.113514698813393500e+00  1.126216769246173100e+00  1.284474994838963100e+00  1.599055339229478800e+00
65 3250 5.854547e-01 1.003032e+00  1.093122440532745800e+00  1.093122440532745800e+00  1.306428392494365200e+00  1.785123801866386200e+00
66 3300 5.852539e-01 1.002972e+00  1.093122440532745800e+00  1.162702103744469600e+00  1.292146206897609700e+00  1.505289481561795700e+00
67 3350 5.850537e-01 1.003045e+00  1.093122440532745800e+00  1.127049670767929600e+00  1.279879258229651200e+00  1.693962496701554100e+00
68 3400 5.848540e-01 1.003052e+00  1.093122440532745800e+00  1.177410712877730900e+00  1.340568669333157500e+00  1.624386078597297200e+00
69 3450 5.846550e-01 1.003068e+00  1.093122440532745800e+00  1.163536704221984600e+00  1.312256951020108100e+00  1.655412343316062800e+00
70 3500 5.844563e-01 1.003111e+00  1.093122440532745800e+00  1.153288056896264700e+00  1.307526459358019400e+00  1.839075515427811100e+00
71 3550 5.842583e-01 1.003131e+00  1.093122440532745800e+00  1.151088125640108700e+00  1.351269938579793900e+00  1.656769060598100300e+00
72 3600 5.840607e-01 1.003316e+00  1.093122440532745800e+00  1.174227601324775700e+00  1.311260289759983400e+00  1.701234688655687500e+00
73 3650 5.838635e-01 1.003299e+00  1.093122440532745800e+00  1.123388907023667600e+00  1.287120114491492600e+00  1.621263824925804000e+00
74 3700 5.836668e-01 1.003271e+00  1.093122440532745800e+00  1.157682904968170500e+00  1.294508118584453100e+00  1.653120583618440600e+00
75 3750 5.834706e-01 1.003319e+00  1.093028891022456400e+00  1.093028891022456400e+00  1.286873473785970800e+00  1.634397833395141200e+00
76 3800 5.832750e-01 1.003333e+00  1.093028891022456400e+00  1.101457423271862400e+00  1.316648405492932800e+00  1.750957653728707300e+00
77 3850 5.830798e-01 1.003261e+00  1.093028891022456400e+00  1.155235575694318000e+00  1.316806946572073300e+00  1.780823565373736500e+00
78 3900 5.828851e-01 1.003292e+00  1.093028891022456400e+00  1.149305378824773800e+00  1.315440769798215600e+00  1.860952080445649600e+00
79 3950 5.826909e-01 1.003258e+00  1.093028891022456400e+00  1.150135481683558300e+00  1.295516958447373400e+00  1.534874071017577900e+00
80 4000 5.824972e-01 1.003297e+00  1.093028891022456400e+00  1.142809920175679800e+00  1.325336578309258300e+00  1.796734823894587900e+00
81 4050 5.823039e-01 1.003279e+00  1.087137867896777800e+00  1.087137867896777800e+00  1.301823213108454600e+00  1.783674405103801800e+00
82 4100 5.821111e-01 1.003238e+00  1.087137867896777800e+00  1.151683545839248700e+00  1.276602496260093500e+00  1.566798050385333200e+00
83 4150 5.819187e-01 1.003316e+00  1.087137867896777800e+00  1.184590827764934600e+00  1.331914139329573500e+00  1.646387937053574600e+00
84 4200 5.817267e-01 1.003370e+00  1.087137867896777800e+00  1.174102463432758400e+00  1.298952787735354200e+00  1.564930362952635400e+00
85 4250 5.815352e-01 1.003423e+00  1.087137867896777800e+00  1.138083465270077100e+00  1.313055057955911000e+00  1.617923521844294900e+00
86 4300 5.813441e-01 1.003507e+00  1.087137867896777800e+00  1.145721473419675700e+00  1.320448776199232700e+00  1.645056514450483400e+00
87 4350 5.811536e-01 1.003661e+00  1.087137867896777800e+00  1.088833128349599100e+00  1.272994652112487700e+00  1.568330810477141400e+00
88 4400 5.809634e-01 1.003661e+00  1.087137867896777800e+00  1.141497428299665500e+00  1.265348958360061400e+00  1.604353689497281000e+00
89 4450 5.807737e-01 1.003644e+00  1.087137867896777800e+00  1.140692885302346800e+00  1.266892121316225000e+00  1.679516169571304800e+00
90 4500 5.805844e-01 1.003660e+00  1.087137867896777800e+00  1.114359543449854300e+00  1.263672567449033700e+00  1.724912670135261900e+00
91 4550 5.803955e-01 1.003682e+00  1.064985300535022300e+00  1.064985300535022300e+00  1.273772146277526900e+00  1.760751531111653700e+00
92 4600 5.802070e-01 1.003691e+00  1.064985300535022300e+00  1.103060320652340400e+00  1.280416576378021100e+00  1.663235517405366600e+00
93 4650 5.800190e-01 1.003724e+00  1.064985300535022300e+00  1.122888652007364400e+00  1.276386250208872800e+00  1.716884483433935800e+00
94 4700 5.798313e-01 1.003766e+00  1.064985300535022300e+00  1.172832014443008000e+00  1.296249769449037400e+00  1.717736675518067000e+00
95 4750 5.796441e-01 1.003795e+00  1.064985300535022300e+00  1.141819465278967300e+00  1.296425294159038800e+00  1.765407099578936200e+00
96 4800 5.794573e-01 1.003819e+00  1.064985300535022300e+00  1.072677596360235300e+00  1.276938538609715000e+00  1.470089222137498400e+00
97 4850 5.792708e-01 1.003816e+00  1.064985300535022300e+00  1.121506973260707000e+00  1.283916942361862800e+00  1.541370842162654000e+00
98 4900 5.790848e-01 1.003761e+00  1.064985300535022300e+00  1.094109921093952200e+00  1.258007671651089300e+00  1.721130103404079600e+00
99 4950 5.788992e-01 1.003830e+00  1.064985300535022300e+00  1.139221971269790000e+00  1.285921848751462300e+00  1.722193094444823800e+00
100 5000 5.787141e-01 1.003858e+00  1.064985300535022300e+00  1.154428242464000900e+00  1.283370909267498300e+00  1.595369966340408600e+00
