%  columns="iteration, evaluation, sigma, axis ratio, bestever, best, median, worst fitness function value, further objective values of best" (startseed=212156, 2017/12/4 10:43:35.57)
1 40 2.884825e-01 1.008354e+00  1.486267200819446900e-01  1.486267200819446900e-01  1.697143454639839500e-01  2.812507565454423500e-01
2 80 2.792177e-01 1.009169e+00  1.477271950039320000e-01  1.477271950039320000e-01  1.662284909266061900e-01  2.196179702050347100e-01
3 120 2.719689e-01 1.010434e+00  1.434592014728085800e-01  1.434592014728085800e-01  1.602202568368463800e-01  2.263818806707797200e-01
4 160 2.655729e-01 1.010715e+00  1.434592014728085800e-01  1.458195299453447800e-01  1.596380881597282400e-01  2.076714747300778300e-01
5 200 2.594653e-01 1.011080e+00  1.434592014728085800e-01  1.467206891935954600e-01  1.627532346412253700e-01  2.054350586070610700e-01
6 240 2.542960e-01 1.011554e+00  1.417532018071405700e-01  1.417532018071405700e-01  1.620855059497843500e-01  2.421978916621804200e-01
7 280 2.496576e-01 1.012701e+00  1.417532018071405700e-01  1.425440492102408900e-01  1.658261669465712600e-01  2.419107215123504400e-01
8 320 2.458431e-01 1.013675e+00  1.384429175586533200e-01  1.384429175586533200e-01  1.597557522039808900e-01  2.097508467008577500e-01
9 360 2.420798e-01 1.014135e+00  1.384429175586533200e-01  1.445236370415180200e-01  1.635317411602526500e-01  2.118263159645296900e-01
10 400 2.384219e-01 1.015217e+00  1.358280293334573600e-01  1.358280293334573600e-01  1.648819078150677300e-01  2.000692849951071500e-01
11 440 2.351485e-01 1.015829e+00  1.358280293334573600e-01  1.420315826512355300e-01  1.589901080920385900e-01  1.916329097085102100e-01
12 480 2.325440e-01 1.016648e+00  1.358280293334573600e-01  1.460790362420106300e-01  1.590514453634591700e-01  2.236762310866618800e-01
13 520 2.304010e-01 1.017567e+00  1.358280293334573600e-01  1.430129198478459500e-01  1.573750571908714100e-01  2.101609290069660600e-01
14 560 2.282546e-01 1.018805e+00  1.358280293334573600e-01  1.410279526160649300e-01  1.536008319273509100e-01  1.908741678333526800e-01
15 600 2.259859e-01 1.020107e+00  1.358280293334573600e-01  1.448515542412944200e-01  1.532752461885368800e-01  1.825086082602188400e-01
16 640 2.245848e-01 1.021503e+00  1.358280293334573600e-01  1.422068183554355000e-01  1.543180454832307800e-01  1.968186602351798500e-01
17 680 2.230464e-01 1.022982e+00  1.358280293334573600e-01  1.388596457654063500e-01  1.598883438096033700e-01  1.958051195248744800e-01
18 720 2.218542e-01 1.024821e+00  1.358280293334573600e-01  1.384315652259548200e-01  1.568240515958128100e-01  1.932179130090866400e-01
19 760 2.207035e-01 1.026624e+00  1.358280293334573600e-01  1.401353060762391700e-01  1.527458387588038200e-01  1.859293484272881700e-01
20 800 2.188997e-01 1.028556e+00  1.358280293334573600e-01  1.426748626818373800e-01  1.567981206774710100e-01  2.213247144605273700e-01
21 840 2.171266e-01 1.030257e+00  1.358280293334573600e-01  1.377136251937443900e-01  1.541762100980119400e-01  1.815804462357864000e-01
22 880 2.155598e-01 1.032030e+00  1.358280293334573600e-01  1.386746590274946800e-01  1.566900026295963700e-01  1.847037074805422400e-01
23 920 2.138980e-01 1.033736e+00  1.358280293334573600e-01  1.373223261294163900e-01  1.519040218356524600e-01  1.774351469967624100e-01
24 960 2.121921e-01 1.035367e+00  1.358280293334573600e-01  1.391130975293126400e-01  1.506026763181937700e-01  1.933348621487463700e-01
25 1000 2.107030e-01 1.036999e+00  1.358280293334573600e-01  1.387907668590765700e-01  1.534861498760431700e-01  2.110826365879278900e-01
26 1040 2.090672e-01 1.038718e+00  1.358280293334573600e-01  1.404461342219856500e-01  1.516419573816558100e-01  2.057857314014882000e-01
27 1080 2.075279e-01 1.040383e+00  1.358280293334573600e-01  1.411433588126932700e-01  1.524270279319880900e-01  1.929205846465433200e-01
28 1120 2.061413e-01 1.042104e+00  1.358280293334573600e-01  1.397618925452570600e-01  1.502124467417881300e-01  1.756983966510053100e-01
29 1160 2.045550e-01 1.043816e+00  1.358280293334573600e-01  1.372661434207067500e-01  1.510272761299827300e-01  1.732350800931847000e-01
30 1200 2.034158e-01 1.045719e+00  1.358280293334573600e-01  1.373799304739919700e-01  1.484629072000534000e-01  1.852179415333959400e-01
31 1240 2.021867e-01 1.047534e+00  1.358280293334573600e-01  1.400290012679832100e-01  1.479384639664093100e-01  1.888788160114999700e-01
32 1280 2.011082e-01 1.049665e+00  1.358280293334573600e-01  1.364853942943593200e-01  1.485439021178243100e-01  2.070289134137402700e-01
33 1320 1.992866e-01 1.051632e+00  1.358280293334573600e-01  1.386672768698927500e-01  1.481533634348996000e-01  1.653650906995707800e-01
34 1360 1.970906e-01 1.053453e+00  1.358280293334573600e-01  1.382194787657883600e-01  1.458889223424036400e-01  1.677312968442513100e-01
35 1400 1.948173e-01 1.054967e+00  1.358280293334573600e-01  1.370502405114433200e-01  1.472126118956410500e-01  1.742311422110894800e-01
36 1440 1.928015e-01 1.056498e+00  1.358280293334573600e-01  1.412563777985154600e-01  1.482497515638585000e-01  1.839040576731219300e-01
37 1480 1.909555e-01 1.057827e+00  1.358280293334573600e-01  1.399949444458188400e-01  1.474449051994930500e-01  1.763703201766288500e-01
38 1520 1.897410e-01 1.059357e+00  1.358280293334573600e-01  1.380427246150610100e-01  1.497269924925329600e-01  1.803441151813855700e-01
39 1560 1.882807e-01 1.060763e+00  1.358280293334573600e-01  1.396123181329589900e-01  1.495621324296784700e-01  1.666231288552048100e-01
40 1600 1.868989e-01 1.062072e+00  1.358280293334573600e-01  1.378792356345304700e-01  1.471210623700741300e-01  1.641411140617816700e-01
41 1640 1.853581e-01 1.063297e+00  1.358280293334573600e-01  1.392668375123145000e-01  1.475877327967230200e-01  1.754492243413657000e-01
42 1680 1.835755e-01 1.064589e+00  1.358280293334573600e-01  1.388904972015924700e-01  1.485167377042308200e-01  1.649128793481248200e-01
43 1720 1.820602e-01 1.065748e+00  1.358280293334573600e-01  1.385906960057388900e-01  1.484307227785489100e-01  1.832289896463578900e-01
44 1760 1.806454e-01 1.067081e+00  1.358280293334573600e-01  1.389713347524213800e-01  1.463895863629747200e-01  1.826167063572168600e-01
45 1800 1.789649e-01 1.068232e+00  1.358280293334573600e-01  1.381008247424355400e-01  1.451359170587500100e-01  1.909238673904087900e-01
46 1840 1.777099e-01 1.069326e+00  1.358280293334573600e-01  1.380652977262087400e-01  1.472684194478813800e-01  1.686674083829299600e-01
47 1880 1.764918e-01 1.070517e+00  1.358280293334573600e-01  1.382083344802987100e-01  1.447484608382596000e-01  1.902152691118103000e-01
48 1920 1.755109e-01 1.071559e+00  1.358280293334573600e-01  1.376428724253781200e-01  1.468119408188936800e-01  1.605433603411950700e-01
49 1960 1.741907e-01 1.072638e+00  1.358280293334573600e-01  1.377653414526949200e-01  1.444154248530671300e-01  1.713158611529916300e-01
50 2000 1.726393e-01 1.073509e+00  1.358280293334573600e-01  1.382296472912686300e-01  1.448519906361741300e-01  1.667328068917512700e-01
51 2040 1.713985e-01 1.074748e+00  1.355988030134636400e-01  1.355988030134636400e-01  1.439536736394213500e-01  1.722655703601644300e-01
52 2080 1.704023e-01 1.075696e+00  1.355988030134636400e-01  1.371233743122048900e-01  1.442200988438695500e-01  1.656896433211657600e-01
53 2120 1.693191e-01 1.076920e+00  1.355988030134636400e-01  1.377355243342590100e-01  1.454575652834329500e-01  1.732212917614315000e-01
54 2160 1.683955e-01 1.078140e+00  1.355988030134636400e-01  1.380301741077144500e-01  1.445727344274724300e-01  1.719848700699740700e-01
55 2200 1.675755e-01 1.079252e+00  1.355988030134636400e-01  1.381134458314951200e-01  1.440611060635187400e-01  1.725299553576480300e-01
56 2240 1.667305e-01 1.080372e+00  1.355988030134636400e-01  1.385177185446710700e-01  1.437236296834324400e-01  1.581700225765385300e-01
57 2280 1.656741e-01 1.081600e+00  1.355988030134636400e-01  1.386143897243134700e-01  1.452129084604653600e-01  1.723860328800229400e-01
58 2320 1.647262e-01 1.082670e+00  1.355988030134636400e-01  1.383032771372455800e-01  1.437563106961265400e-01  1.559881225762393400e-01
59 2360 1.635042e-01 1.083736e+00  1.355988030134636400e-01  1.388400737632034000e-01  1.433043902132853700e-01  1.681607105811250800e-01
60 2400 1.619217e-01 1.084934e+00  1.355988030134636400e-01  1.373782310187314200e-01  1.453260907315969100e-01  1.622941425637804400e-01
61 2440 1.601335e-01 1.086056e+00  1.355988030134636400e-01  1.361876063925310000e-01  1.466355228082651700e-01  1.983019207180466100e-01
62 2480 1.582434e-01 1.087206e+00  1.355988030134636400e-01  1.380716134721306200e-01  1.481535756122678300e-01  1.692355703179381500e-01
63 2520 1.565294e-01 1.088246e+00  1.355988030134636400e-01  1.374747187563791200e-01  1.461838868236194900e-01  1.795695966051693600e-01
64 2560 1.548771e-01 1.089215e+00  1.355988030134636400e-01  1.388256537383889500e-01  1.434046110871738900e-01  1.607126041854858000e-01
65 2600 1.532066e-01 1.090313e+00  1.355988030134636400e-01  1.392439399092448300e-01  1.468825935541419000e-01  1.672293867199554400e-01
66 2640 1.515718e-01 1.091685e+00  1.355988030134636400e-01  1.385582470529862800e-01  1.440848503202500400e-01  1.847373860567929900e-01
67 2680 1.501213e-01 1.092727e+00  1.355988030134636400e-01  1.380953401957248600e-01  1.442911577986561700e-01  1.633760967090644200e-01
68 2720 1.488523e-01 1.094089e+00  1.355988030134636400e-01  1.375282485875955500e-01  1.450777966479207000e-01  1.710101651203266600e-01
69 2760 1.476669e-01 1.095388e+00  1.355988030134636400e-01  1.361039394424709600e-01  1.444555087040746400e-01  1.728599436443880300e-01
70 2800 1.465651e-01 1.096730e+00  1.355988030134636400e-01  1.359260128677454400e-01  1.434376016713455300e-01  1.775776088936047400e-01
71 2840 1.450934e-01 1.097951e+00  1.355988030134636400e-01  1.362369060232358800e-01  1.436674342044170200e-01  1.546015209908687400e-01
72 2880 1.434790e-01 1.099205e+00  1.355988030134636400e-01  1.394006435958928300e-01  1.419957671834013700e-01  1.671687566209775500e-01
73 2920 1.417156e-01 1.100780e+00  1.350066533443103600e-01  1.350066533443103600e-01  1.416441771944481100e-01  1.531010243151671700e-01
74 2960 1.400731e-01 1.101646e+00  1.350066533443103600e-01  1.383600629405389300e-01  1.433060864758882400e-01  1.601739387228130200e-01
75 3000 1.383935e-01 1.102685e+00  1.350066533443103600e-01  1.376117313958220000e-01  1.427074324571654100e-01  1.558792836983578000e-01
76 3040 1.368948e-01 1.103713e+00  1.350066533443103600e-01  1.380423108548939100e-01  1.426550185118267700e-01  1.627560432561282500e-01
77 3080 1.357198e-01 1.104827e+00  1.350066533443103600e-01  1.383627729719498500e-01  1.426705391263697900e-01  1.512229550663082300e-01
78 3120 1.345021e-01 1.105696e+00  1.350066533443103600e-01  1.372696081180151100e-01  1.419512999953230800e-01  1.513140452085756600e-01
79 3160 1.330010e-01 1.106298e+00  1.349653154358420600e-01  1.349653154358420600e-01  1.424495287370075000e-01  1.525442360493477500e-01
80 3200 1.314798e-01 1.107207e+00  1.349653154358420600e-01  1.375908689686447000e-01  1.408167141361562600e-01  1.496882804399961000e-01
81 3240 1.297305e-01 1.108192e+00  1.349653154358420600e-01  1.359532391775428700e-01  1.407823309170260200e-01  1.546041237406291500e-01
82 3280 1.284080e-01 1.109222e+00  1.349653154358420600e-01  1.371676899476471900e-01  1.417541203233733100e-01  1.612052366787074500e-01
83 3320 1.275990e-01 1.110165e+00  1.349653154358420600e-01  1.355027867608616400e-01  1.411050511773131500e-01  1.683947409491121600e-01
84 3360 1.267446e-01 1.111162e+00  1.349653154358420600e-01  1.361336329125119900e-01  1.412976387359266600e-01  1.583072393666836200e-01
85 3400 1.256623e-01 1.111996e+00  1.349653154358420600e-01  1.356291661889049100e-01  1.394942632305586100e-01  1.483651640739955300e-01
86 3440 1.245153e-01 1.112937e+00  1.349653154358420600e-01  1.361431247128780900e-01  1.409054135742571200e-01  1.609504084352149600e-01
87 3480 1.234311e-01 1.113984e+00  1.349653154358420600e-01  1.356628919437923000e-01  1.400063000959184700e-01  1.516437451798213200e-01
88 3520 1.225337e-01 1.114903e+00  1.349653154358420600e-01  1.354338892562998400e-01  1.402299424862733000e-01  1.536048478570015400e-01
89 3560 1.216676e-01 1.115644e+00  1.349653154358420600e-01  1.362658510619606200e-01  1.400555783272431400e-01  1.555677002300252800e-01
90 3600 1.207817e-01 1.116562e+00  1.349653154358420600e-01  1.360302112545342700e-01  1.387937863881690800e-01  1.523293108905701700e-01
91 3640 1.202908e-01 1.117296e+00  1.349653154358420600e-01  1.354015078747872700e-01  1.388281842929566500e-01  1.435537926852949700e-01
92 3680 1.199293e-01 1.117733e+00  1.349653154358420600e-01  1.355740492063522400e-01  1.396671011810413600e-01  1.450729370221104400e-01
93 3720 1.196682e-01 1.118135e+00  1.349653154358420600e-01  1.356891589194430000e-01  1.404153209946714100e-01  1.576283244288685900e-01
94 3760 1.192175e-01 1.118441e+00  1.349653154358420600e-01  1.352503946701381600e-01  1.391668034887926800e-01  1.510251110789797800e-01
95 3800 1.187670e-01 1.118870e+00  1.349653154358420600e-01  1.356301149683505100e-01  1.390721542601506500e-01  1.448715814052279100e-01
96 3840 1.182687e-01 1.119155e+00  1.349653154358420600e-01  1.362305324901337500e-01  1.397911951367776200e-01  1.460463982309418400e-01
97 3880 1.177455e-01 1.119916e+00  1.349653154358420600e-01  1.354258760840776300e-01  1.390000487687508800e-01  1.432367954990634900e-01
98 3920 1.176781e-01 1.120462e+00  1.348508784212119900e-01  1.348508784212119900e-01  1.398388742570995700e-01  1.507942438160222200e-01
99 3960 1.177005e-01 1.120951e+00  1.348508784212119900e-01  1.362678575704594200e-01  1.396843149839250600e-01  1.507202071896310600e-01
500 20000 1.916769e-02 1.359384e+00  1.244615676529752700e-01  1.244615676529752700e-01  1.256749226810442400e-01  1.276974566229190100e-01
